 -0.058171168 51.541866
 -0.05542477 51.544636
 -0.055017024 51.54798
 -0.05209928 51.54869
 -0.053042702 51.550793
 -0.05151967 51.551453
 -0.05259262 51.552486
 -0.049609493 51.55345
 -0.04645548 51.556973
 -0.048580293 51.56094
 -0.033258796 51.567467
 -0.016093347 51.573254
 -0.011200523 51.576756
 0.005707905 51.583855
 0.009999242 51.595703
 0.022702271 51.611088
 0.027358929 51.619865
 0.03928962 51.655636
 0.04774383 51.66555
 0.074415885 51.682693
 0.10986324 51.697735
 0.11909023 51.70518
 0.13149284 51.70861
 0.14196432 51.712627
 0.16264951 51.713036
 0.16541773 51.714428
 0.16852891 51.71754
 0.17648941 51.719467
 0.18108137 51.723763
 0.18509436 51.72932
 0.18683241 51.73681
 0.18942839 51.740864
 0.19299106 51.74264
 0.19410686 51.744427
 0.20133808 51.74494
 0.20200302 51.74655
 0.2035908 51.746765
 0.20421343 51.748672
 0.21144417 51.75037
 0.2158002 51.748398
 0.21768844 51.74846
 0.21959792 51.745888
 0.2188476 51.741035
 0.21959823 51.74065
 0.22530556 51.74039
 0.23266633 51.743504
 0.24019784 51.74196
 0.24723545 51.742966
 0.25822163 51.737556
 0.26654723 51.73752
 0.26907983 51.738956
 0.27425116 51.739986
 0.2784351 51.745735
 0.2784567 51.751038
 0.27652562 51.75258
 0.27727672 51.76097
 0.27918616 51.765884
 0.2816319 51.76653
 0.28643885 51.76953
 0.28701833 51.774166
 0.29158875 51.778675
 0.29304826 51.7918
 0.29519355 51.791996
 0.3001499 51.79444
 0.3116084 51.796505
 0.30858332 51.80142
 0.3070598 51.806503
 0.30648047 51.809593
 0.30755305 51.81133
 0.34978154 51.859245
 0.3532576 51.861736
 0.35967398 51.861843
 0.36295688 51.863323
 0.36866462 51.86405
 0.37051037 51.86547
 0.36696994 51.86781
 0.3627424 51.872612
 0.36113346 51.872787
 0.36233452 51.87457
 0.36190516 51.880077
 0.36520985 51.879974
 0.3681924 51.880875
 0.37499446 51.88478
 0.37943646 51.890553
 0.3971173 51.89742
 0.3997141 51.900337
 0.40394124 51.902676
 0.4057646 51.90478
 0.4066451 51.90976
 0.40334028 51.911774
 0.40188116 51.91428
 0.39926368 51.914692
 0.39819038 51.915596
 0.3997784 51.920746
 0.4047355 51.922504
 0.4116227 51.92319
 0.41130105 51.924583
 0.41518518 51.929047
 0.4143698 51.933403
 0.41874668 51.938316
 0.43215805 51.945164
 0.4377586 51.949154
 0.43612733 51.95334
 0.43917438 51.953785
 0.44220036 51.957542
 0.44910997 51.9619
 0.45106253 51.965633
 0.45052606 51.96851
 0.4618551 51.969105
 0.4662754 51.96842
 0.4714037 51.964928
 0.47719797 51.962738
 0.4821331 51.95688
 0.4818543 51.95557
 0.48490086 51.953316
 0.49005064 51.953747
 0.50047904 51.956623
 0.5104566 51.957672
 0.51648676 51.961365
 0.5231599 51.962864
 0.5429011 51.964195
 0.5511192 51.96673
 0.55120486 51.967995
 0.5552605 51.97044
 0.5631998 51.97263
 0.56747013 51.97585
 0.5769333 51.977158
 0.58272636 51.979797
 0.5853661 51.97855
 0.5902364 51.980568
 0.5888633 51.982197
 0.5908802 51.98342
 0.5907085 51.984924
 0.59695303 51.988037
 0.598562 51.989773
 0.6119521 51.991077
 0.6196338 51.995823
 0.63076997 51.9987
 0.639396 51.999794
 0.64066267 51.998634
 0.64473957 51.999237
 0.64699274 51.998486
 0.65282905 52.00357
 0.6617126 52.00608
 0.66787046 52.010094
 0.6726342 52.010735
 0.6817533 52.010136
 0.68396384 52.01342
 0.7032758 52.02198
 0.70949876 52.026188
 0.7162359 52.0337
 0.72175103 52.03554
 0.7228879 52.037598
 0.72645044 52.038284
 0.72675025 52.041145
 0.72851 52.042213
 0.73258734 52.039963
 0.75451636 52.05346
 0.76000994 52.05228
 0.77316356 52.053417
 0.776253 52.05932
 0.78932124 52.068394
 0.7957366 52.068073
 0.80399823 52.071743
 0.8098564 52.076397
 0.81206596 52.0773
 0.81867486 52.07805
 0.8184609 52.081398
 0.8247904 52.080948
 0.837515 52.084766
 0.84255743 52.085045
 0.84910196 52.088223
 0.8588223 52.089916
 0.85860807 52.090946
 0.86088216 52.091976
 0.86892897 52.091675
 0.8801298 52.093094
 0.88564485 52.095688
 0.8893783 52.09584
 0.89094484 52.094788
 0.89328325 52.095215
 0.9001067 52.09745
 0.90622294 52.101974
 0.90965575 52.102856
 0.90991277 52.10453
 0.92705816 52.10882
 0.9331086 52.11161
 0.9408769 52.112232
 0.9519701 52.107296
 0.9634714 52.10425
 0.9657249 52.104317
 0.9705313 52.106697
 0.9774616 52.10775
 0.9789857 52.109207
 0.9773333 52.11337
 0.97842735 52.114784
 0.98499346 52.11691
 0.98937064 52.117275
 0.9936407 52.12191
 0.9993276 52.123817
 1.0006579 52.12506
 1.0109149 52.127747
 1.0158715 52.127533
 1.0178884 52.13221
 1.0217289 52.13601
 1.031707 52.13854
 1.0340457 52.140083
 1.0458045 52.141262
 1.0485945 52.142426
 1.0521778 52.144978
 1.0546025 52.151886
 1.058787 52.1503
 1.0628422 52.1503
 1.0636793 52.151802
 1.0667049 52.15212
 1.07164 52.150684
 1.0791075 52.146458
 1.0827764 52.148304
 1.0848361 52.151115
 1.0943207 52.1512
 1.0982684 52.14678
 1.105865 52.14384
 1.111744 52.142574
 1.1149409 52.142487
 1.1145339 52.144653
 1.1167434 52.145493
 1.1441884 52.144203
 1.1474278 52.148346
 1.151548 52.150234
 1.1532218 52.152832
 1.1567621 52.155384
 1.1610972 52.156563
 1.1712036 52.156757
 1.1770183 52.15845
 1.1817604 52.162186
 1.1867173 52.163795
 1.1931759 52.167873
 1.2005364 52.170513
 1.2007288 52.17169
 1.20369 52.17375
 1.2019955 52.175617
 1.2032828 52.17699
 1.2053214 52.187164
 1.2036685 52.188557
 1.2075524 52.190254
 1.2190751 52.193127
 1.2213289 52.192783
 1.2269722 52.19418
 1.2300836 52.19358
 1.2335382 52.194458
 1.242035 52.194458
 1.2450174 52.19553
 1.2543736 52.19463
 1.258751 52.19587
 1.2625915 52.196026
 1.2796935 52.194653
 1.2957652 52.196476
 1.3088975 52.19461
 1.3111285 52.193344
 1.3119652 52.19055
 1.3111929 52.193386
 1.3148841 52.194458
 1.3171369 52.19686
 1.3233166 52.195896
 1.3324794 52.208168
 1.333509 52.208748
 1.336878 52.208557
 1.339839 52.210423
 1.3435304 52.216984
 1.3415563 52.221066
 1.3479071 52.221603
 1.3508687 52.22557
 1.3589364 52.22954
 1.3584858 52.231987
 1.3609965 52.233963
 1.3652449 52.234135
 1.3677131 52.236366
 1.3755022 52.235786
 1.3779478 52.233917
 1.3920891 52.23229
 1.4014013 52.22892
 1.4085253 52.233917
 1.416679 52.237545
 1.4182671 52.241703
 1.4224513 52.244904
 1.429726 52.24733
 1.4314418 52.25068
 1.4366783 52.254562
 1.4391457 52.257565
 1.4387375 52.25995
 1.440626 52.262093
 1.4386953 52.264217
 1.442986 52.265568
 1.4501532 52.270935
 1.4547884 52.2728
 1.4570624 52.273357
 1.462105 52.272823
 1.482275 52.27544
 1.490494 52.27585
 1.5059428 52.27001
 1.5074021 52.26735
 1.512509 52.264088
 1.5150841 52.265377
 1.5162855 52.2681
 1.5203203 52.26778
 1.5297396 52.26954
 1.5441161 52.26922
 1.5539871 52.264755
 1.5592866 52.26529
 1.572913 52.264282
 1.5800362 52.267456
 1.585594 52.267586
 1.5948853 52.26909
 1.611386 52.269836
 1.61306 52.270782
 1.6284233 52.27383
